29 0.51875 0.2640625 0.9421875 0.45546875
29 0.24765625 0.7484375 0.409375 0.45859375
29 0.7625 0.74765625 0.415625 0.45390625
33 0.01328125 0.059375 0.00859375 0.0171875
45 0.0171875 0.0828125 0.0046875 0.00703125
39 0.22265625 0.81484375 0.0125 0.021875
34 0.23515625 0.81484375 0.0125 0.0234375
2 0.25625 0.81640625 0.01171875 0.0234375
2 0.26640625 0.81484375 0.01015625 0.02109375
0 0.2765625 0.81640625 0.009375 0.02265625
39 0.72734375 0.8609375 0.01328125 0.02109375
34 0.73984375 0.8609375 0.0109375 0.02109375
2 0.7609375 0.86171875 0.0109375 0.01953125
2 0.771875 0.86171875 0.01015625 0.01875
0 0.78125 0.8625 0.0078125 0.01875