29 0.51484375 0.26484375 0.90625 0.425
29 0.25 0.746875 0.37421875 0.44140625
29 0.746875 0.75078125 0.4 0.4515625
33 0.01640625 0.040625 0.00859375 0.00546875
45 0.01015625 0.0625 0.00546875 0.00546875
3 0.228125 0.81328125 0.00703125 0.01875
3 0.2578125 0.81328125 0.0078125 0.01953125
5 0.26640625 0.81328125 0.009375 0.01953125
7 0.27421875 0.8140625 0.00859375 0.0203125
9 0.28203125 0.81328125 0.009375 0.01796875
39 0.2375 0.8140625 0.0109375 0.01796875
27 0.24765625 0.81328125 0.009375 0.01875
3 0.7234375 0.8296875 0.01015625 0.01953125
3 0.75546875 0.82890625 0.009375 0.01875
5 0.7640625 0.82890625 0.009375 0.01953125
7 0.77265625 0.828125 0.0078125 0.0171875
9 0.78046875 0.82890625 0.009375 0.0203125
39 0.734375 0.83046875 0.0109375 0.01953125
27 0.74453125 0.82890625 0.01015625 0.01796875