29 0.5015625 0.23828125 0.8765625 0.3875
29 0.48046875 0.753125 0.83828125 0.43984375
33 0.02734375 0.01953125 0.02109375 0.0109375
45 0.021875 0.05625 0.00625 0.0078125
3 0.18671875 0.3515625 0.0109375 0.0140625
3 0.24140625 0.3546875 0.0078125 0.01640625
3 0.25078125 0.353125 0.0125 0.01640625
4 0.23203125 0.35234375 0.01171875 0.015625
2 0.22265625 0.353125 0.0109375 0.0140625
23 0.19765625 0.3515625 0.0109375 0.0140625
13 0.209375 0.35234375 0.0125 0.015625
3 0.67265625 0.8578125 0.0125 0.015625
3 0.7375 0.8578125 0.01015625 0.01640625
3 0.75 0.8578125 0.0109375 0.01484375
4 0.728125 0.8578125 0.01171875 0.015625
2 0.71640625 0.8578125 0.01328125 0.015625
13 0.70078125 0.8578125 0.015625 0.01640625
23 0.6875 0.8578125 0.0125 0.01640625