29 0.50859375 0.2359375 0.8875 0.390625
29 0.24765625 0.74609375 0.38828125 0.43515625
29 0.75390625 0.7484375 0.4 0.40390625
33 0.02578125 0.05703125 0.00859375 0.01015625
45 0.01953125 0.08125 0.00625 0.01171875
3 0.2203125 0.83671875 0.009375 0.01875
3 0.253125 0.8359375 0.009375 0.01875
7 0.2609375 0.83515625 0.00859375 0.0203125
7 0.278125 0.83515625 0.01015625 0.01796875
0 0.26953125 0.83515625 0.009375 0.01953125
39 0.23046875 0.8359375 0.01171875 0.01796875
42 0.240625 0.8359375 0.01015625 0.01796875
3 0.72265625 0.84765625 0.0078125 0.0203125
3 0.75390625 0.84765625 0.00859375 0.01953125
7 0.76328125 0.84765625 0.0078125 0.01953125
7 0.78046875 0.84765625 0.009375 0.0203125
0 0.771875 0.84765625 0.0078125 0.01796875
39 0.73203125 0.846875 0.01171875 0.0203125
42 0.74296875 0.84765625 0.01015625 0.01875