29 0.5140625 0.24375 0.903125 0.41796875
29 0.25 0.74375 0.4046875 0.43984375
29 0.76015625 0.74765625 0.39921875 0.40390625
33 0.021875 0.0578125 0.00234375 0.00859375
45 0.021875 0.0859375 0.00234375 0.01015625
3 0.22109375 0.83515625 0.009375 0.01953125
3 0.253125 0.8359375 0.0078125 0.0171875
7 0.2609375 0.8359375 0.00703125 0.01875
7 0.27890625 0.834375 0.00859375 0.01875
0 0.27109375 0.834375 0.009375 0.01796875
39 0.23125 0.83515625 0.0125 0.01875
42 0.2421875 0.83515625 0.0109375 0.0171875
3 0.7234375 0.8484375 0.01015625 0.01875
3 0.75546875 0.84765625 0.0078125 0.01875
7 0.76328125 0.846875 0.00859375 0.0203125
7 0.78046875 0.84765625 0.009375 0.01953125
0 0.771875 0.846875 0.00859375 0.01875
39 0.7328125 0.84765625 0.0109375 0.01953125
42 0.74296875 0.84765625 0.01171875 0.0203125