33 0.534375 0.50078125 0.63125 0.65546875
45 0.1953125 0.04140625 0.01015625 0.0125
29 0.21796875 0.0359375 0.0046875 0.0109375
22 0.05390625 0.1109375 0.0140625 0.0125
15 0.1 0.10390625 0.00859375 0.0140625
26 0.08203125 0.1390625 0.0125 0.0140625
21 0.1234375 0.0734375 0.0078125 0.0078125
13 0.078125 0.071875 0.0046875 0.0078125
12 0.13203125 0.10390625 0.01015625 0.0109375
14 0.09296875 0.16015625 0.0125 0.009375
47 0.15546875 0.03984375 0.0125 0.00625
16 0.16015625 0.06953125 0.0046875 0.003125
41 0.1265625 0.128125 0.0109375 0.0046875
39 0.1546875 0.0859375 0.00390625 0.003125
27 0.1296875 0.0328125 0.00625 0.0078125
17 0.18046875 0.0375 0.00234375 0.0078125
44 0.0796875 0.15546875 0.0046875 0.00625
43 0.07890625 0.05078125 0.00859375 0.003125
40 0.134375 0.05390625 0.01015625 0.0125
42 0.0734375 0.03125 0.0046875 0.0046875
28 0.09921875 0.0703125 0.00390625 0.0046875
11 0.07578125 0.0921875 0.0046875 0.00625
30 0.19375 0.0734375 0.01015625 0.0078125
32 0.18515625 0.08984375 0.0078125 0.0046875
25 0.1453125 0.10546875 0.00234375 0.0046875
48 0.1234375 0.09375 0.0046875 0.009375
35 0.02890625 0.09140625 0.00625 0.0078125
24 0.1078125 0.1203125 0.00390625 0.00625
46 0.1078125 0.1359375 0.00390625 0.0015625
37 0.14453125 0.12109375 0.00234375 0.0109375
36 0.19921875 0.0890625 0.00234375 0.003125
38 0.0546875 0.14296875 0.0046875 0.003125
19 0.08046875 0.10625 0.0046875 0.00625
34 0.02890625 0.065625 0.00625 0.0046875
10 0.15859375 0.12109375 0.00625 0.0078125
20 0.1234375 0.140625 0.00234375 0.0109375
18 0.2421875 0.01484375 0.0046875 0.0078125
23 0.5 0.6734375 0.01484375 0.028125
31 0.515625 0.6734375 0.015625 0.02890625
2 0.48359375 0.67421875 0.0171875 0.0328125
6 0.5359375 0.67578125 0.0125 0.0296875
8 0.54765625 0.675 0.0109375 0.0328125
7 0.5609375 0.67421875 0.0140625 0.03046875
2 0.57578125 0.67421875 0.01328125 0.034375
0 0.17421875 0.10859375 0.00390625 0.00234375
1 0.18671875 0.1046875 0.00390625 0.00390625
3 0.17265625 0.0875 0.00234375 0.00234375
4 0.16953125 0.07265625 0.003125 0.00234375
5 0.17265625 0.06328125 0.003125 0.00078125
9 0.1734375 0.0515625 0.00078125 0.00234375