33 0.4984375 0.2578125 0.8578125 0.46328125
33 0.51328125 0.7375 0.82890625 0.475
45 0.034375 0.21875 0.0171875 0.01875
29 0.02890625 0.18203125 0.0109375 0.009375
9 0.70703125 0.27109375 0.01328125 0.021875
2 0.74765625 0.26953125 0.01171875 0.0234375
7 0.75703125 0.26796875 0.01015625 0.02265625
3 0.76796875 0.2703125 0.01171875 0.021875
1 0.77890625 0.26796875 0.01171875 0.02109375
18 0.71875 0.27109375 0.0140625 0.02109375
47 0.7328125 0.27109375 0.01640625 0.02578125
9 0.20625 0.7390625 0.01328125 0.0234375
2 0.24375 0.74375 0.01015625 0.02265625
7 0.25390625 0.74375 0.009375 0.0234375
3 0.2640625 0.746875 0.01015625 0.0265625
1 0.275 0.7484375 0.01015625 0.02578125
18 0.21796875 0.740625 0.01171875 0.0234375
47 0.23046875 0.74140625 0.0140625 0.0265625